3.447000 
3.329000 
3.301000 
3.322000 
3.219000 
3.229000 
3.413000 
3.249000 
3.348000 
3.428000 
3.453000 
3.503000 
3.527000 
3.254000 
3.302000 
3.388000 
3.258000 
3.329000 
3.219000 
3.288000 
3.621000 
3.275000 
3.696000 
3.383000 
3.376000 
3.431000 
3.370000 
3.228000 
3.191000 
3.151000 
3.300000 
3.748000 
3.793000 
3.581000 
3.403000 
3.554000 
3.462000 
3.290000 
3.201000 
3.455000 
3.517000 
3.362000 
3.685000 
3.581000 
3.524000 
3.605000 
3.781000 
3.584000 
3.371000 
3.255000 
3.543000 
3.449000 
3.321000 
3.467000 
3.927000 
3.331000 
3.378000 
4.014000 
3.674000 
3.359000 
3.533000 
3.414000 
3.547000 
3.473000 
3.584000 
4.686000 
4.270000 
4.709000 
4.526000 
3.832000 
3.238000 
3.380000 
3.419000 
3.434000 
3.512000 
4.009000 
3.117000 
3.208000 
4.687000 
4.430000 
4.631000 
3.613000 
3.277000 
3.784000 
4.480000 
4.540000 
3.749000 
3.758000 
3.428000 
3.646000 
3.578000 
3.579000 
3.450000 
3.392000 
3.568000 
3.428000 
3.484000 
3.727000 
3.545000 
3.850000 
3.651000 
4.337000 
4.113000 
3.911000 
3.226000 
3.632000 
3.554000 
3.857000 
3.381000 
3.256000 
3.326000 
3.636000 
3.597000 
3.482000 
3.491000 
3.328000 
3.403000 
4.080000 
4.178000 
3.523000 
3.691000 
3.705000 
3.571000 
3.594000 
3.587000 
3.463000 
3.475000 
3.343000 
3.800000 
3.475000 
3.633000 
3.620000 
3.447000 
3.568000 
3.313000 
3.482000 
3.206000 
3.817000 
3.280000 
3.130000 
3.334000 
3.153000 
3.278000 
3.397000 
3.291000 
3.733000 
3.628000 
3.651000 
3.518000 
3.470000 
3.207000 
3.121000 
3.424000 
3.437000 
3.250000 
3.673000 
3.643000 
3.444000 
3.520000 
3.362000 
3.625000 
3.318000 
3.806000 
3.963000 
3.795000 
3.809000 
3.786000 
4.100000 
3.262000 
3.684000 
3.572000 
3.600000 
3.459000 
3.315000 
3.571000 
3.636000 
3.800000 
3.474000 
3.302000 
3.759000 
3.303000 
3.468000 
3.452000 
3.498000 
4.162000 
3.629000 
4.073000 
3.938000 
3.944000 
3.859000 
3.844000 
3.831000 
3.859000 
3.338000 
3.742000 
3.710000 
3.825000 
3.530000 
3.440000 
3.484000 
3.497000 
3.635000 
3.813000 
3.697000 
4.017000 
3.744000 
3.927000 
3.766000 
3.735000 
3.572000 
3.513000 
3.148000 
3.235000 
3.375000 
3.284000 
3.720000 
3.635000 
4.244000 
4.465000 
4.431000 
4.429000 
4.322000 
3.584000 
3.635000 
3.686000 
3.654000 
3.744000 
3.637000 
3.653000 
3.408000 
3.131000 
3.135000 
3.353000 
3.713000 
4.099000 
3.638000 
4.003000 
3.935000 
3.781000 
4.022000 
3.454000 
3.267000 
4.349000 
4.260000 
3.953000 
3.879000 
3.879000 
3.961000 
3.846000 
3.688000 
3.559000 
3.460000 
3.254000 
3.392000 
3.278000 
3.625000 
3.782000 
3.626000 
3.737000 
3.715000 
3.519000 
3.669000 
3.650000 
3.605000 
3.630000 
3.633000 
3.892000 
3.794000 
3.746000 
3.751000 
3.662000 
3.590000 
3.602000 
3.611000 
3.648000 
3.614000 
4.249000 
4.253000 
4.352000 
4.356000 
4.256000 
3.857000 
4.035000 
4.433000 
4.860000 
4.098000 
3.575000 
3.736000 
3.758000 
4.590000 
4.551000 
4.557000 
4.514000 
4.394000 
4.457000 
4.623000 
3.606000 
4.358000 
4.269000 
4.211000 
3.891000 
4.116000 
4.101000 
4.025000 
4.000000 
4.201000 
4.572000 
4.215000 
4.476000 
3.757000 
3.786000 
3.444000 
3.410000 
3.659000 
3.647000 
5.839000 
4.998000 
4.771000 
3.633000 
3.948000 
3.740000 
3.548000 
3.649000 
4.498000 
5.602000 
4.199000 
4.533000 
3.924000 
3.661000 
3.561000 
3.604000 
3.960000 
3.651000 
4.229000 
4.570000 
4.693000 
4.419000 
4.467000 
3.457000 
3.700000 
3.640000 
3.652000 
3.703000 
4.514000 
4.793000 
4.428000 
4.630000 
3.784000 
3.978000 
3.654000 
3.541000 
4.228000 
3.999000 
3.852000 
3.833000 
3.969000 
4.011000 
3.951000 
4.037000 
3.996000 
4.661000 
4.174000 
3.976000 
3.835000 
3.810000 
4.098000 
3.808000 
3.968000 
3.623000 
3.883000 
3.748000 
3.698000 
3.636000 
4.167000 
4.111000 
3.877000 
3.969000 
4.980000 
4.294000 
4.004000 
3.983000 
3.751000 
4.040000 
4.005000 
4.070000 
3.843000 
4.261000 
4.094000 
4.074000 
3.920000 
4.073000 
3.851000 
4.010000 
4.113000 
4.178000 
4.340000 
4.021000 
3.973000 
3.984000 
3.976000 
3.750000 
3.786000 
3.885000 
3.982000 
4.051000 
3.760000 
4.136000 
3.690000 
4.229000 
3.975000 
3.794000 
3.754000 
3.949000 
3.652000 
4.722000 
4.589000 
4.187000 
4.485000 
3.867000 
4.004000 
4.171000 
4.486000 
4.459000 
3.998000 
3.833000 
4.028000 
3.944000 
4.051000 
3.974000 
3.918000 
3.954000 
4.138000 
4.394000 
3.795000 
3.751000 
3.809000 
3.694000 
4.085000 
4.267000 
4.724000 
4.723000 
4.164000 
4.326000 
3.781000 
3.878000 
5.068000 
4.641000 
4.519000 
3.559000 
3.778000 
3.884000 
3.717000 
3.581000 
3.616000 
3.572000 
3.701000 
3.859000 
3.896000 
3.566000 
3.587000 
3.584000 
3.599000 
3.741000 
4.113000 
3.760000 
4.575000 
4.038000 
4.091000 
3.487000 
3.678000 
3.721000 
3.702000 
3.626000 
3.729000 
3.919000 
3.823000 
3.810000 
3.821000 
3.676000 
3.862000 
3.829000 
3.740000 
3.584000 
3.449000 
3.378000 
3.738000 
3.685000 
3.761000 
3.665000 
3.522000 
3.353000 
3.668000 
3.180000 
3.505000 
3.540000 
3.745000 
4.212000 
3.881000 
3.690000 
3.485000 
3.418000 
3.735000 
3.351000 
3.755000 
3.487000 
3.753000 
4.030000 
3.871000 
4.065000 
4.300000 
3.903000 
3.927000 
3.976000 
3.946000 
4.092000 
3.808000 
3.466000 
3.424000 
3.551000 
3.738000 
3.803000 
3.857000 
3.587000 
3.535000 
3.568000 
3.550000 
3.586000 
3.745000 
3.761000 
3.220000 
3.463000 
3.611000 
3.768000 
3.602000 
3.541000 
3.503000 
3.563000 
3.530000 
3.645000 
3.678000 
3.896000 
3.466000 
3.501000 
3.703000 
3.760000 
3.510000 
3.300000 
3.793000 
4.007000 
3.687000 
4.072000 
4.124000 
3.584000 
3.575000 
3.371000 
3.434000 
3.132000 
3.505000 
3.411000 
3.686000 
3.574000 
3.515000 
4.694000 
3.467000 
3.247000 
3.311000 
3.354000 
3.519000 
3.316000 
3.498000 
3.427000 
3.527000 
3.828000 
3.880000 
3.234000 
3.466000 
3.648000 
3.394000 
3.203000 
3.464000 
4.082000 
4.096000 
3.659000 
3.594000 
3.878000 
3.698000 
3.727000 
3.784000 
3.709000 
3.793000 
3.720000 
3.855000 
3.405000 
3.965000 
3.804000 
3.434000 
3.295000 
3.708000 
3.836000 
3.906000 
3.956000 
3.827000 
3.526000 
3.877000 
3.842000 
3.583000 
3.200000 
3.715000 
3.652000 
3.569000 
3.948000 
3.686000 
3.680000 
4.330000 
3.698000 
4.493000 
4.479000 
4.175000 
3.973000 
3.639000 
3.617000 
3.553000 
3.647000 
3.878000 
4.913000 
4.624000 
4.122000 
3.936000 
3.522000 
3.322000 
3.620000 
3.774000 
4.006000 
3.905000 
4.310000 
4.751000 
4.495000 
3.811000 
3.627000 
3.753000 
3.502000 
3.723000 
3.636000 
3.624000 
3.970000 
3.751000 
3.967000 
4.408000 
4.418000 
3.683000 
3.648000 
3.578000 
3.689000 
3.621000 
3.763000 
3.744000 
3.970000 
3.701000 
3.815000 
3.835000 
3.741000 
3.938000 
3.623000 
3.489000 
3.814000 
3.419000 
3.539000 
3.807000 
4.157000 
4.345000 
4.418000 
4.644000 
4.486000 
4.268000 
3.942000 
4.138000 
4.116000 
4.226000 
4.058000 
4.156000 
4.083000 
4.165000 
3.941000 
3.988000 
4.002000 
3.793000 
3.866000 
3.700000 
3.780000 
3.964000 
3.818000 
3.288000 
3.631000 
3.632000 
3.917000 
3.629000 
3.398000 
3.721000 
3.871000 
4.061000 
3.714000 
3.708000 
3.751000 
3.780000 
4.244000 
4.441000 
3.630000 
3.665000 
3.559000 
3.570000 
3.545000 
3.677000 
3.529000 
3.537000 
3.871000 
3.601000 
3.651000 
3.650000 
3.591000 
3.519000 
3.779000 
3.450000 
3.778000 
3.670000 
3.628000 
3.729000 
3.683000 
3.725000 
3.748000 
3.788000 
3.729000 
3.758000 
3.855000 
3.635000 
3.667000 
3.637000 
3.574000 
3.646000 
3.595000 
3.200000 
3.494000 
4.027000 
3.785000 
3.894000 
4.146000 
4.103000 
3.921000 
3.771000 
3.845000 
3.726000 
3.699000 
3.777000 
3.924000 
3.806000 
3.740000 
3.699000 
3.745000 
3.809000 
3.743000 
3.837000 
3.588000 
3.735000 
3.962000 
4.152000 
4.032000 
3.942000 
4.332000 
4.378000 
4.433000 
4.082000 
3.740000 
3.670000 
3.583000 
3.651000 
3.798000 
3.434000 
3.617000 
3.161000 
4.348000 
4.410000 
4.460000 
3.772000 
3.720000 
4.058000 
4.395000 
4.403000 
3.746000 
3.724000 
3.563000 
3.519000 
3.627000 
4.348000 
3.890000 
3.752000 
3.634000 
3.720000 
3.397000 
3.613000 
3.778000 
3.475000 
3.546000 
3.528000 
3.474000 
4.198000 
4.613000 
4.983000 
3.913000 
3.874000 
3.899000 
3.981000 
3.729000 
3.570000 
3.546000 
3.946000 
3.975000 
3.882000 
4.050000 
4.184000 
3.916000 
3.598000 
3.636000 
3.559000 
3.394000 
3.996000 
3.760000 
4.083000 
4.040000 
4.037000 
3.831000 
3.545000 
3.342000 
3.650000 
3.614000 
3.831000 
3.702000 
3.555000 
4.051000 
3.818000 
3.331000 
3.479000 
3.696000 
3.692000 
3.629000 
4.292000 
3.715000 
3.800000 
3.770000 
3.631000 
3.373000 
3.857000 
3.560000 
3.707000 
3.576000 
3.865000 
3.628000 
3.272000 
3.682000 
3.567000 
3.879000 
3.366000 
3.345000 
3.574000 
3.533000 
3.740000 
3.890000 
3.607000 
3.678000 
3.715000 
3.282000 
3.487000 
3.514000 
3.568000 
3.669000 
3.621000 
3.539000 
3.456000 
3.837000 
3.510000 
3.661000 
3.402000 
3.800000 
3.895000 
4.127000 
3.904000 
3.869000 
3.957000 
4.064000 
4.903000 
4.077000 
4.229000 
3.726000 
3.554000 
3.501000 
3.832000 
3.596000 
3.629000 
3.562000 
3.663000 
3.520000 
3.699000 
3.430000 
3.305000 
3.415000 
3.440000 
3.404000 
3.421000 
7.393000 
3.595000 
6.570000 
3.282000 
3.138000 
3.294000 
3.292000 
3.277000 
3.336000 
3.834000 
3.796000 
3.534000 
3.657000 
3.729000 
3.646000 
3.597000 
3.914000 
3.713000 
3.314000 
3.591000 
4.363000 
3.596000 
3.910000 
3.878000 
3.962000 
3.887000 
3.567000 
3.261000 
3.667000 
3.532000 
3.525000 
3.712000 
3.585000 
3.451000 
3.375000 
3.699000 
3.439000 
3.437000 
3.310000 
3.428000 
3.347000 
3.939000 
4.342000 
3.899000 
3.659000 
3.812000 
3.630000 
3.440000 
3.470000 
3.589000 
3.644000 
3.347000 
3.450000 
3.547000 
3.561000 
3.820000 
3.812000 
3.717000 
3.926000 
3.886000 
3.584000 
3.986000 
3.887000 
3.453000 
3.837000 
3.849000 
3.721000 
3.684000 
3.728000 
4.154000 
4.340000 
4.205000 
4.398000 
4.362000 
3.857000 
3.818000 
3.873000 
3.402000 
3.404000 
3.374000 
3.588000 
3.730000 
3.625000 
3.822000 
3.979000 
3.720000 
3.530000 
3.654000 
3.507000 
3.635000 
4.378000 
4.327000 
3.863000 
3.978000 
3.798000 
3.855000 
3.893000 
4.424000 
3.678000 
3.809000 
3.290000 
3.377000 
3.397000 
3.840000 
3.599000 
3.466000 
3.795000 
3.896000 
4.357000 
4.479000 
4.310000 
4.147000 
4.131000 
3.965000 
3.782000 
3.620000 
3.725000 
3.781000 
