3.562000 
3.529000 
3.542000 
3.381000 
3.216000 
3.272000 
3.140000 
3.519000 
3.503000 
4.230000 
4.067000 
4.343000 
3.796000 
4.115000 
3.336000 
3.434000 
3.288000 
3.358000 
3.569000 
3.527000 
3.531000 
3.623000 
3.448000 
3.485000 
3.578000 
3.413000 
3.354000 
3.345000 
3.389000 
3.395000 
3.362000 
3.428000 
3.415000 
3.465000 
3.845000 
3.088000 
3.305000 
3.069000 
3.079000 
3.086000 
3.589000 
3.130000 
3.237000 
3.742000 
3.994000 
3.992000 
3.974000 
3.488000 
3.156000 
3.151000 
3.157000 
3.545000 
4.575000 
3.808000 
3.896000 
3.820000 
3.825000 
3.858000 
3.970000 
4.031000 
3.436000 
3.328000 
4.348000 
3.632000 
3.315000 
3.548000 
3.797000 
3.395000 
3.429000 
3.379000 
3.410000 
3.214000 
3.668000 
4.115000 
3.984000 
3.843000 
3.728000 
3.717000 
3.837000 
3.738000 
3.728000 
3.772000 
3.794000 
3.778000 
3.817000 
3.954000 
3.808000 
3.774000 
3.769000 
3.820000 
3.868000 
3.797000 
3.953000 
3.895000 
3.692000 
3.602000 
3.617000 
3.681000 
3.593000 
3.594000 
3.695000 
3.596000 
3.557000 
3.674000 
3.637000 
3.817000 
3.606000 
3.574000 
3.628000 
3.578000 
3.631000 
3.562000 
3.656000 
3.594000 
3.626000 
3.318000 
3.646000 
3.730000 
3.714000 
3.290000 
3.755000 
3.444000 
3.596000 
3.405000 
3.423000 
3.451000 
4.178000 
3.652000 
3.539000 
3.596000 
3.807000 
3.693000 
3.772000 
3.716000 
3.890000 
3.291000 
3.302000 
3.175000 
3.155000 
3.308000 
3.200000 
3.365000 
3.364000 
3.217000 
3.102000 
3.172000 
3.095000 
3.329000 
3.122000 
3.273000 
3.391000 
3.324000 
3.217000 
3.402000 
3.300000 
3.532000 
3.206000 
3.467000 
3.651000 
3.377000 
3.099000 
3.145000 
3.191000 
3.108000 
3.204000 
3.187000 
3.271000 
3.129000 
3.275000 
3.162000 
3.248000 
3.138000 
3.144000 
3.082000 
3.316000 
3.363000 
3.211000 
3.251000 
3.182000 
4.284000 
4.508000 
3.902000 
3.318000 
3.343000 
3.535000 
4.406000 
3.924000 
3.821000 
3.767000 
3.904000 
3.945000 
3.823000 
3.991000 
3.792000 
3.662000 
3.607000 
3.799000 
3.860000 
4.110000 
3.794000 
3.837000 
3.815000 
3.595000 
3.563000 
3.660000 
3.587000 
3.768000 
4.757000 
4.148000 
3.905000 
4.288000 
3.607000 
3.360000 
3.325000 
3.344000 
3.281000 
3.786000 
3.959000 
4.141000 
3.369000 
3.608000 
3.562000 
3.321000 
3.246000 
4.035000 
3.080000 
3.325000 
3.829000 
3.597000 
4.077000 
3.922000 
3.994000 
3.684000 
3.679000 
3.910000 
3.943000 
3.499000 
3.967000 
3.822000 
3.873000 
3.933000 
3.784000 
3.840000 
4.154000 
3.239000 
3.385000 
3.175000 
3.143000 
3.196000 
3.138000 
3.255000 
3.107000 
3.101000 
3.102000 
3.157000 
3.112000 
3.122000 
3.371000 
3.119000 
3.182000 
3.232000 
3.791000 
3.110000 
3.225000 
3.186000 
3.134000 
3.135000 
3.137000 
3.176000 
3.164000 
3.093000 
3.206000 
3.162000 
3.293000 
3.257000 
3.596000 
3.273000 
3.228000 
3.209000 
3.325000 
3.447000 
3.671000 
3.244000 
3.203000 
3.177000 
3.149000 
3.141000 
3.119000 
3.154000 
3.243000 
3.179000 
3.246000 
3.892000 
4.255000 
4.313000 
4.250000 
4.290000 
3.824000 
3.324000 
3.219000 
3.485000 
5.121000 
5.161000 
5.019000 
3.841000 
3.522000 
3.300000 
3.200000 
3.175000 
3.174000 
3.150000 
3.474000 
4.082000 
3.725000 
4.285000 
4.533000 
4.218000 
3.904000 
3.869000 
3.701000 
3.059000 
3.200000 
4.073000 
4.022000 
4.114000 
4.023000 
3.800000 
3.613000 
3.679000 
3.243000 
3.124000 
3.169000 
4.247000 
4.132000 
4.054000 
4.150000 
4.112000 
3.971000 
3.301000 
3.271000 
3.424000 
3.207000 
3.247000 
4.166000 
4.002000 
4.028000 
4.031000 
3.995000 
3.632000 
3.591000 
3.555000 
3.561000 
3.215000 
3.225000 
3.133000 
3.157000 
3.175000 
3.130000 
3.085000 
3.142000 
3.115000 
3.107000 
3.165000 
3.139000 
3.372000 
3.250000 
3.315000 
3.139000 
3.187000 
3.257000 
3.557000 
3.145000 
3.187000 
3.271000 
3.236000 
3.082000 
3.119000 
3.274000 
3.276000 
3.181000 
3.171000 
3.125000 
3.871000 
4.420000 
4.331000 
4.326000 
3.793000 
3.084000 
3.562000 
4.271000 
4.285000 
4.235000 
4.268000 
4.146000 
4.114000 
4.388000 
4.429000 
4.327000 
4.477000 
4.187000 
4.430000 
4.472000 
4.558000 
4.453000 
4.449000 
3.972000 
3.236000 
3.765000 
3.934000 
4.158000 
3.547000 
4.030000 
3.940000 
4.021000 
4.049000 
3.504000 
3.610000 
3.834000 
3.759000 
3.659000 
3.531000 
3.847000 
3.675000 
3.494000 
3.627000 
3.617000 
3.699000 
4.238000 
4.233000 
3.900000 
4.122000 
4.288000 
4.358000 
3.688000 
3.885000 
3.678000 
4.140000 
4.071000 
3.535000 
3.772000 
3.855000 
3.731000 
3.731000 
3.581000 
3.772000 
3.673000 
3.736000 
3.649000 
3.563000 
3.515000 
3.600000 
3.596000 
3.942000 
3.683000 
3.917000 
3.343000 
3.699000 
3.503000 
3.463000 
3.577000 
3.660000 
3.340000 
3.630000 
3.310000 
3.843000 
3.529000 
3.420000 
3.868000 
3.999000 
3.518000 
3.899000 
3.099000 
3.361000 
3.967000 
3.797000 
3.843000 
4.364000 
5.107000 
5.005000 
4.407000 
4.305000 
4.305000 
4.229000 
4.299000 
4.105000 
3.961000 
3.891000 
4.081000 
4.105000 
4.159000 
4.022000 
4.154000 
4.146000 
4.123000 
4.204000 
4.102000 
3.949000 
3.870000 
4.160000 
3.154000 
3.618000 
4.076000 
3.889000 
4.052000 
3.758000 
3.532000 
3.543000 
3.337000 
3.412000 
3.206000 
3.418000 
3.704000 
4.024000 
4.123000 
4.045000 
3.883000 
3.817000 
3.833000 
3.382000 
4.367000 
3.888000 
4.026000 
3.896000 
3.820000 
3.526000 
3.473000 
3.457000 
3.699000 
3.781000 
4.233000 
3.786000 
3.973000 
4.092000 
3.886000 
3.953000 
3.906000 
3.685000 
3.580000 
3.567000 
3.815000 
3.598000 
3.743000 
3.615000 
3.557000 
3.811000 
3.782000 
3.638000 
3.828000 
3.714000 
3.776000 
3.790000 
3.887000 
4.453000 
3.892000 
3.826000 
3.755000 
3.887000 
3.745000 
3.821000 
3.723000 
3.777000 
3.864000 
3.792000 
3.935000 
3.741000 
3.968000 
4.073000 
4.456000 
3.566000 
4.423000 
4.305000 
4.429000 
4.484000 
4.329000 
4.489000 
3.586000 
3.095000 
3.675000 
3.488000 
3.905000 
3.886000 
4.041000 
3.769000 
3.543000 
3.823000 
3.750000 
3.653000 
3.607000 
3.679000 
3.644000 
3.689000 
3.811000 
3.634000 
3.698000 
3.721000 
3.617000 
3.580000 
3.623000 
3.612000 
3.573000 
3.548000 
3.569000 
3.627000 
3.750000 
4.038000 
3.656000 
3.269000 
3.544000 
3.238000 
3.514000 
3.325000 
3.994000 
3.744000 
3.696000 
3.662000 
4.018000 
3.565000 
3.788000 
3.754000 
3.716000 
3.579000 
3.276000 
3.578000 
3.903000 
3.606000 
3.676000 
3.615000 
3.546000 
3.761000 
3.506000 
3.550000 
3.764000 
3.735000 
3.988000 
3.873000 
3.856000 
3.618000 
3.619000 
3.370000 
3.456000 
3.721000 
3.389000 
3.676000 
3.636000 
4.077000 
3.897000 
4.181000 
4.188000 
3.644000 
3.570000 
3.397000 
3.188000 
3.344000 
3.153000 
3.737000 
4.358000 
4.256000 
4.216000 
4.244000 
4.235000 
4.221000 
4.269000 
4.223000 
3.069000 
3.313000 
3.923000 
3.660000 
3.591000 
3.538000 
3.243000 
3.143000 
3.308000 
3.580000 
3.460000 
3.274000 
3.808000 
3.688000 
3.881000 
3.715000 
3.259000 
3.689000 
3.334000 
3.281000 
3.278000 
3.299000 
3.298000 
3.962000 
4.033000 
3.565000 
3.524000 
3.732000 
3.596000 
3.347000 
3.395000 
3.465000 
3.205000 
3.365000 
3.282000 
3.742000 
3.726000 
3.716000 
3.697000 
3.875000 
3.617000 
3.457000 
3.792000 
3.461000 
3.573000 
4.013000 
3.869000 
3.774000 
3.870000 
3.682000 
3.513000 
3.248000 
3.270000 
3.283000 
3.297000 
3.286000 
3.493000 
3.675000 
3.704000 
3.922000 
3.915000 
3.743000 
3.668000 
3.818000 
3.468000 
3.354000 
3.232000 
3.784000 
3.595000 
3.275000 
3.691000 
3.459000 
3.254000 
3.514000 
3.219000 
3.301000 
3.180000 
3.176000 
3.266000 
3.838000 
3.866000 
3.505000 
3.242000 
3.513000 
3.578000 
3.435000 
3.319000 
3.321000 
3.157000 
3.185000 
3.551000 
3.774000 
3.846000 
3.686000 
3.680000 
3.398000 
3.314000 
3.273000 
3.175000 
3.202000 
3.213000 
3.496000 
3.659000 
4.073000 
3.907000 
3.656000 
3.407000 
3.481000 
3.276000 
3.672000 
3.693000 
3.628000 
3.423000 
3.596000 
3.960000 
4.062000 
3.674000 
4.019000 
4.299000 
4.239000 
4.309000 
4.293000 
4.295000 
4.198000 
4.220000 
4.212000 
4.229000 
4.282000 
4.233000 
4.685000 
4.207000 
4.267000 
4.322000 
4.233000 
4.231000 
4.254000 
4.254000 
4.151000 
4.086000 
4.338000 
4.516000 
4.244000 
4.019000 
4.230000 
4.349000 
3.210000 
3.430000 
4.370000 
4.116000 
3.400000 
3.445000 
3.755000 
3.720000 
3.451000 
3.279000 
3.233000 
3.