171
15
8
11
12
4
5
48
7
9
14
15
39
10
14
41
82
16
19
151
2
60
4
4
5
4
4
2
4
4
3
5
80
3
3
3
4
3
3
4
4
3
3
70
3
4
3
3
4
6
80
4
3
12
20
25
2
4
64
19
12
26
69
29
9
31
3
11
21
3
17
5
58
32
44
6
8
10
57
11
5
3
5
4
4
3
5
4
81
3
9
73
12
16
18
4
19
11
11
7
23
10
59
14
3
66
29
2
52
5
17
53
4
4
13
4
4
3
3
75
29
83
11
8
3
3
9
4
10
4
3
4
3
9
6
10
62
12
72
3
9
10
62
4
5
49
6
5
2
66
89
10
28
57
15
9
65
4
5
80
11
6
71
13
70
85
77
7
11
22
3
51
10
15
6
10
14
17
73
3
16
16
8
3
106
19
40
28
19
28
41
7
18
14
9
92
82
13
112
37
71
5
41
29
90
62
49
3
28
11
11
82
20
24
54
28
53
12
9
13
2
68
3
3
3
23
12
3
60
87
22
14
64
10
18
23
3
41
19
22
39
12
31
18
54
75
4
17
49
16
16
57
26
4
23
21
8
6
5
4
15
8
4
3
3
21
8
5
3
3
15
16
7
7
21
29
3
3
45
10
72
10
7
3
3
61
3
4
4
4
77
17
28
47
8
8
7
74
9
7
78
8
8
3
3
3
6
3
55
3
7
3
3
3
3
3
67
10
7
4
4
3
52
4
4
4
3
8
3
6
8
3
6
62
8
3
4
4
3
71
11
8
14
5
3
4
8
6
76
3
3
3
3
77
8
13
4
77
21
68
16
61
3
3
45
4
3
8
74
15
3
4
4
59
25
16
3
12
80
3
88
83
4
5
4
4
80
3
4
3
3
3
3
83
26
14
56
21
76
6
3
4
3
4
69
3
3
3
3
2
4
78
8
3
3
4
3
66
7
17
4
63
3
3
3
3
3
4
73
5
4
4
4
3
4
22
21
38
30
29
37
6
9
5
73
21
16
45
5
6
13
73
23
71
15
26
62
3
20
6
42
27
16
50
10
8
66
10
11
5
60
20
12
17
57
14
54
5
18
15
21
25
62
37
9
6
7
66
24
19
51
28
3
7
77
9
4
7
64
82
6
4
4
4
2
3
3
3
7
7
2
5
5
3
59
14
17
21
15
70
3
50
7
3
3
3
70
3
3
4
3
4
100
75
30
77
24
69
24
9
48
32
24
39
43
17
11
22
3
6
29
64
19
3
21
119
27
82
36
44
3
102
128
26
63
39
100
23
90
47
33
27
39
56
44
50
3
59
30
48
37
26
39
31
28
6
60
23
62
54
26
3
41
67
39
33
37
8
55
19
11
4
16
60
17
24
21
29
13
12
16
47
3
103
15
3
16
11
24
22
10
5
3
45
4
3
3
9
5
45
16
11
8
3
38
24
23
3
27
47
20
16
3
11
29
4
4
4
4
3
15
10
3
89
13
80
8
77
30
26
25
27
7
35
38
49
70
6
11
130
3
3
10
25
11
52
51
3
42
7
10
3
21
59
3
6
3
3
95
3
23
6
61
3
10
7
5
18
45
22
3
62
8
6
7
3
4
3
6
7
4
8
4
3
3
59
4
3
4
4
3
3
70
4
7
4
4
7
6
64
4
3
11
4
4
4
62
3
5
3
14
7
54
22
5
6
5
4
11
11
6
5
16
42
8
9
8
8
3
5
10
12
3
4
71
7
8
3
68
12
7
14
2
2
3
2
61
3
13
5
3
8
3
43
3
3
3
13
4
10
2
8
4
5
4
67
23
13
11
8
41
7
3
3
3
75
3
4
5
4
3
4
88
16
14
45
18
14
11
6
12
19
4
8
59
3
9
4
56
16
2
10
3
3
75
6
12
3
3
60
3
7
3
3
3
5
3
4
61
14
9
78
10
3
4
4
61
4
4
3
4
3
4
4
4
12
4
4
58
4
4
4
4
75
3
4
3
4
10
4
4
59
4
3
4
4
7
3
68
4
7
4
4
72
4
5
4
6
3
72
22
14
61
13
12
8
3
3
4
3
45
3
5
6
3
3
3
72
8
7
11
12
59
15
8
4
17
73
14
72
9
3
3
61
5
12
19
9
10
8
6
8
5
14
8
9
41
9
8
4
3
3
3
62
5
7
8
70
3
4
5
7
7
3
4
3
4
4
3
4
3
4
9
9
17
52
15
18
60
12
12
70
4
6
4
4
3
82
13
9
4
3
52
7
8
5
7
10
14
61
7
11
14
58
8
30
51
16
21
62
9
18
4
5
5
15
58
8
10
8
7
3
54
4
